90 20 90
-36 18
-35 8
-32 -22
-31 -32
-28 -26
-28 -25
-28 -2
-28 1
-28 14
-28 35
-27 35
-26 35
-25 35
-24 -18
-24 -10
-24 12
-24 32
-24 33
-24 35
-24 38
-23 36
-22 -19
-22 34
-21 32
-20 -10
-20 30
-19 -8
-18 -6
-18 -1
-17 -4
-16 -2
-16 8
-15 0
-14 2
-14 17
-13 -6
-13 4
-12 6
-12 26
-10 5
-10 10
-10 35
-8 14
-6 18
-4 2
-4 7
-4 12
-3 4
-3 24
-1 -7
2 2
2 19
3 8
4 -2
5 2
5 5
5 20
6 12
7 2
8 -4
8 26
9 8
12 -24
12 -16
12 -2
14 33
16 -13
16 -8
18 -25
18 -14
18 -4
21 -12
21 2
24 -26
24 -22
24 -12
25 -25
27 -21
30 -27
30 -22
32 -31
32 -26
36 -36
36 -28
37 -37
38 -38
38 -34
39 -39
39 -32
40 -40
