120 25 115
-32 7
-31 7
-30 7
-27 -4
-27 9
-27 10
-27 11
-27 12
-27 14
-27 15
-26 14
-25 -4
-25 9
-25 13
-25 30
-24 -24
-24 -22
-24 -20
-24 12
-24 30
-23 -4
-23 11
-22 -5
-22 10
-21 30
-20 -25
-20 -3
-20 8
-19 7
-19 30
-18 -25
-18 19
-18 30
-17 6
-17 17
-17 29
-16 -25
-16 1
-16 6
-15 20
-15 27
-15 30
-14 3
-14 6
-14 26
-13 25
-12 20
-11 -9
-11 7
-11 11
-11 12
-11 15
-11 20
-10 6
-10 7
-10 19
-9 6
-9 10
-9 19
-9 20
-9 21
-8 9
-7 6
-7 9
-6 6
-6 9
-6 11
-6 15
-6 24
-6 27
-5 9
-4 13
-2 11
0 9
2 -6
2 7
4 -6
5 -6
6 -13
6 -6
7 -12
7 6
8 -17
8 -11
9 -10
9 -6
9 12
10 -1
11 -8
11 14
12 -17
12 -3
13 -6
13 0
13 16
14 -17
14 -5
15 18
17 20
18 -17
18 -9
19 -6
19 22
20 -17
20 -11
21 -12
22 -17
22 -13
22 -9
24 -17
24 -15
25 -12
25 -2
25 18
25 23
26 -17
29 21
29 22
29 23
30 -21
