80 3 18
-27 19
-27 29
-25 -19
-24 21
-22 21
-21 20
-20 17
-20 24
-19 -25
-19 0
-19 14
-19 23
-18 -24
-18 -23
-18 11
-17 8
-15 -20
-15 -19
-15 2
-14 -22
-14 2
-14 17
-13 -24
-13 -22
-13 -11
-13 -4
-13 -1
-12 -25
-12 -22
-12 -7
-12 3
-11 -10
-10 -13
-10 5
-10 24
-8 -19
-8 -15
-8 8
-7 -15
-7 15
-6 -19
-6 0
-5 -14
-5 3
-4 -16
-4 23
-3 -13
-2 -20
-2 5
-1 -13
-1 -12
-1 18
0 -25
0 0
0 1
0 2
0 3
0 4
0 10
3 -24
3 -19
3 13
4 -11
4 20
5 -9
6 -4
7 -20
7 -14
7 20
8 -18
8 -16
8 -2
8 22
10 2
10 9
10 18
10 19
13 -5
13 16
17 1
