200 35 185
-28 -18
-28 -12
-28 -6
-28 0
-28 6
-28 12
-28 14
-28 16
-28 18
-28 20
-28 22
-28 26
-28 28
-28 30
-25 30
-24 -12
-24 -10
-24 -8
-24 -6
-24 -4
-24 0
-24 26
-23 -18
-23 0
-22 0
-22 30
-21 0
-20 0
-19 -2
-19 0
-19 2
-19 6
-19 10
-19 14
-19 18
-19 30
-18 -18
-18 0
-18 26
-17 -24
-17 -20
-17 -16
-17 -12
-16 -12
-16 30
-14 18
-13 -24
-13 -18
-13 15
-13 24
-13 27
-13 30
-12 -2
-9 -24
-9 18
-8 -18
-8 -12
-8 -6
-8 -4
-8 -2
-8 0
-6 -19
-6 -16
-6 -13
-6 -10
-6 15
-6 26
-5 -24
-5 -2
-4 18
-3 -18
-3 -15
-3 -12
-3 -9
-3 -6
-3 -3
-3 3
-3 9
-1 2
-1 12
-1 14
-1 16
0 -12
0 -4
0 2
0 12
0 26
1 2
1 15
1 18
2 -2
2 2
3 -24
3 2
3 12
3 16
4 -27
4 -25
4 -23
4 2
5 2
5 16
6 2
6 18
6 26
7 -24
7 -8
7 -6
7 -4
7 2
7 16
8 -12
8 15
9 12
9 16
9 28
10 28
11 -24
11 16
11 18
11 19
11 21
11 22
11 23
11 24
11 25
11 28
12 14
12 16
12 18
12 20
12 22
12 26
12 28
13 16
13 25
13 26
14 26
15 -24
15 15
15 16
15 25
15 26
16 -12
16 -10
16 -8
16 -6
16 -4
16 -2
16 26
17 16
17 25
17 26
18 26
19 -24
19 -17
19 -10
19 -3
19 4
19 11
19 16
19 17
19 18
19 20
19 23
19 24
19 25
20 -9
20 1
20 6
20 11
20 16
20 21
21 25
22 -9
22 15
23 25
24 -9
24 26
27 25
28 -9
28 24
29 15
29 16
29 17
29 18
29 19
29 20
29 21
29 23
29 24
29 25
30 -9
30 6
30 16
30 21
30 24
30 26
32 24
34 24
