200 50 200
-30 -21
-29 -21
-29 -3
-28 -17
-25 -6
-24 -21
-23 -7
-21 -24
-21 6
-21 9
-21 16
-21 20
-21 21
-21 24
-21 26
-20 -25
-20 -21
-20 3
-20 9
-20 10
-19 -21
-19 3
-18 -20
-17 -28
-17 -10
-17 0
-17 23
-16 4
-15 -28
-15 24
-14 15
-13 17
-12 -22
-12 -21
-12 -20
-12 -16
-12 -13
-12 -9
-12 -7
-12 -5
-12 -3
-12 2
-12 4
-12 6
-12 11
-12 12
-12 13
-11 -24
-11 -16
-11 -13
-11 -12
-11 -11
-11 -10
-11 -9
-11 14
-11 16
-10 -23
-10 -18
-10 -15
-10 -13
-10 -9
-10 -5
-10 -4
-9 -22
-9 -16
-9 -12
-9 -9
-9 -4
-9 -3
-8 -22
-8 -15
-8 -14
-8 -13
-8 -5
-8 -4
-8 11
-8 17
-7 -15
-7 -12
-7 -1
-6 -22
-6 -7
-5 -18
-5 -17
-5 -8
-5 -4
-5 5
-4 -22
-4 -9
-4 10
-4 16
-4 18
-3 -19
-3 -4
-3 3
-3 14
-3 15
-2 -21
-2 -13
-2 19
-1 -22
-1 0
-1 10
-1 23
0 -21
0 -8
0 8
1 -10
1 -7
1 -4
1 4
2 -23
2 -10
2 8
3 -24
3 -20
3 -15
3 2
3 12
5 -22
5 -21
5 -4
6 -4
6 14
7 -20
7 -13
7 -10
7 -8
7 -4
7 21
8 -7
8 -4
8 6
9 -10
9 -9
9 -4
9 20
10 -17
10 -16
10 -12
10 -10
10 -9
10 -1
11 -16
11 -10
11 -8
11 2
11 27
12 -18
12 -10
12 -4
12 5
12 27
13 -8
14 -13
14 -10
14 11
15 -4
15 16
15 19
15 21
15 24
16 -10
16 -4
16 5
17 -5
17 3
17 11
17 20
18 -1
18 10
19 -12
19 -8
19 -4
19 8
19 26
21 4
22 -18
22 -5
22 2
22 6
23 5
24 -21
24 4
25 -4
25 -2
26 -4
27 -27
27 -22
27 -18
27 -12
27 -11
27 -9
27 -8
27 -5
28 -28
28 -25
28 -19
28 -14
28 -4
