200 41 180
-29 3
-29 11
-28 -28
-28 24
-27 -28
-27 -23
-26 -28
-26 -18
-25 -28
-25 -13
-24 -28
-24 -8
-23 -28
-23 -3
-22 -13
-22 -3
-21 -3
-20 -3
-19 -19
-19 -3
-19 7
-18 -13
-18 -3
-18 2
-18 22
-18 23
-18 24
-18 25
-18 26
-18 27
-17 -3
-17 1
-16 -19
-16 0
-15 -10
-15 -1
-15 1
-14 -2
-13 -19
-13 -11
-13 -3
-13 7
-13 20
-13 22
-12 -15
-12 5
-12 8
-12 9
-12 21
-11 -1
-11 0
-11 9
-11 11
-10 10
-10 13
-9 -10
-9 3
-9 9
-9 11
-9 15
-9 22
-8 -9
-8 -2
-8 12
-8 13
-8 17
-8 27
-7 6
-7 8
-6 13
-6 20
-5 9
-5 13
-5 26
-3 -10
-3 -7
-3 -3
-3 -1
-3 2
-3 6
-3 12
-3 17
-2 -2
-2 -1
-2 4
-2 5
-2 9
-2 17
-2 25
-1 6
-1 8
-1 13
-1 17
-1 23
0 -14
0 -7
0 -5
0 7
0 8
0 9
0 17
0 19
1 2
1 5
1 10
1 14
1 17
1 24
2 -5
2 -1
2 0
2 12
2 17
3 -29
3 -11
3 -7
3 1
3 2
3 21
4 1
4 15
4 23
4 29
5 8
5 9
6 -15
6 -9
6 -7
6 -3
6 3
6 14
6 18
6 19
7 -8
7 -3
7 -1
7 1
7 2
7 14
7 22
8 -8
8 -3
8 0
8 5
9 -19
9 -15
9 -11
9 -8
9 -2
9 2
9 8
10 -8
10 -4
10 7
10 20
10 25
11 -8
11 -6
11 12
12 -23
12 -20
12 -13
12 -8
12 2
12 16
12 17
12 25
13 -5
13 15
13 18
14 6
15 8
16 -6
16 10
16 16
17 8
17 12
17 18
17 24
18 12
19 -7
19 12
19 14
20 11
20 12
20 16
21 8
21 12
22 -28
22 -8
22 12
22 20
22 23
23 -5
24 -8
24 -2
25 1
26 4
27 7
30 -19
