1000 12000 4
898 171 282949473
171 780 516539477
780 878 492438081
878 283 581188320
283 74 309670572
74 623 396515628
623 440 795943026
440 744 214206709
744 692 796174806
692 739 607775325
739 759 586343368
759 344 80900415
344 790 545128945
790 264 864135774
264 913 825864542
913 803 36854302
803 976 528169814
976 378 395677232
378 471 519804907
471 234 397711300
234 675 705298999
675 967 413638027
967 343 766093663
343 1 669272056
1 354 841352446
354 248 288746488
248 567 271974580
567 768 955912672
768 59 986999766
59 868 129487856
868 764 173380991
764 996 122465591
996 140 646027334
140 986 518335424
986 877 703653911
877 612 955697906
612 25 914851052
25 566 352113289
566 622 22420967
622 284 711025859
284 15 959888614
15 345 608764335
345 342 644442626
342 200 357533911
200 60 325416461
60 965 322823520
965 169 246904565
169 595 853586275
595 717 718500753
717 521 766709472
521 901 251297575
901 859 276316104
859 592 32863852
592 909 869907591
909 3 798104512
3 190 726732650
190 719 11170431
719 721 70079093
721 713 535161674
713 651 998170197
651 422 52083301
422 13 708542665
13 102 120635788
102 87 698110635
87 506 79394442
506 367 676806051
367 30 506324893
30 404 994245494
404 856 28919341
856 319 528745861
319 523 557787705
523 85 988807955
85 596 990026548
596 233 202230332
233 817 198858219
817 33 315443010
33 630 525053852
630 804 445762784
804 125 21545637
125 897 96070957
897 434 64988609
434 540 272843213
540 219 224903414
219 287 97852461
287 826 142750804
826 516 23007926
516 629 824585111
629 100 6437587
100 944 945603371
944 776 212263137
776 993 4607784
993 467 997686673
467 28 920805802
28 110 125243572
110 4 548313660
4 108 200244
108 988 654565975
988 312 54638554
312 680 846962091
680 512 683485316
512 930 435900767
930 382 404749796
382 569 524809624
569 593 278443667
593 525 459496480
525 359 723667843
359 479 593886677
479 539 984550333
539 424 21946979
424 511 615432315
511 420 933137642
420 329 86935588
329 456 740791880
456 634 158041056
634 272 184788049
272 239 736059036
239 995 33565335
995 220 861889512
220 517 742496623
517 88 979168706
88 226 74152649
226 250 747104407
250 660 976855379
660 838 847474804
838 587 724864331
587 806 377685392
806 694 700191400
694 886 231946658
886 176 284840298
176 10 547153491
10 546 915431975
546 619 720741065
619 209 804419640
209 173 292757951
173 414 999184732
414 863 263916120
863 78 868942146
78 151 445587762
151 152 100982805
152 583 890889125
583 708 913536429
708 289 34120448
289 562 977824714
562 537 654328309
537 615 44677856
615 726 15129115
726 650 242903697
650 170 78243191
170 103 877018628
103 734 985400320
734 639 57411898
639 56 951171277
56 872 585021079
872 890 886783629
890 727 651162433
727 162 162401762
162 409 116985373
409 93 351353834
93 635 394348420
635 958 401825671
958 933 751023677
933 515 162296747
515 462 122566736
462 870 555443317
870 627 455054698
627 316 974267821
316 611 671875790
611 636 176513196
636 981 272371935
981 347 772858595
347 979 67402322
979 657 38424716
657 159 659495395
159 561 45227036
561 604 692753025
604 298 556689604
298 268 60356151
268 666 935656722
666 500 634932795
500 849 789891131
849 191 773573394
191 644 544861045
644 989 593578761
989 227 358594473
227 183 284161027
183 681 244741194
681 236 520996235
236 47 401146400
47 846 448611380
846 224 915344655
224 253 802972072
253 504 199635058
504 837 77641403
837 994 778055160
994 82 607594727
82 419 385212453
419 695 604839333
695 820 279470517
820 850 561725650
850 51 729727620
51 132 904845465
132 153 481644324
153 130 768152336
130 444 416857212
444 172 379387712
172 355 313421713
355 323 973546816
323 380 292260215
380 552 101594787
552 482 460995964
482 86 82151347
86 331 875168181
331 286 5857009
286 408 675730108
408 43 86279006
43 180 142534388
180 80 772987654
80 520 607275241
520 836 396197141
836 703 221599035
703 481 375136249
481 291 51685565
291 904 273750445
904 244 305294004
244 124 829740725
124 104 881345172
104 712 543022809
712 855 287096411
855 66 13332042
66 494 104748459
494 968 16824031
968 145 918177507
145 987 438909135
987 384 637492720
384 573 335034719
573 389 818296847
389 926 950914433
926 924 161097888
924 194 110557063
194 678 52509221
678 497 622093852
497 448 45224762
448 884 927677402
884 425 480467213
425 174 720954870
174 403 13956409
403 143 623001602
143 519 346458876
519 463 473748002
463 982 19198743
982 304 568057911
304 857 701400603
857 249 70884308
249 439 841808356
439 2 6694607
2 787 753141385
787 990 575669881
990 131 402233769
131 508 892754148
508 598 589001923
598 906 359498580
906 743 762094532
743 725 507179430
725 544 798407716
544 798 399587252
798 407 694730501
407 318 616704563
318 696 203018037
696 588 855828389
588 282 579777978
282 841 255527258
841 524 477922241
524 908 625002740
908 812 35721013
812 560 958389455
560 688 198473962
688 461 902193774
461 579 433907409
579 962 544932839
962 534 228458128
534 393 305622504
393 941 112990750
941 674 929858732
674 160 229023164
160 285 807315459
285 656 789069691
656 845 834680901
845 934 235501692
934 70 191303460
70 459 727435050
459 589 824503615
589 267 550802041
267 371 342045934
371 741 184199397
741 975 201726109
975 341 741633186
341 862 878929898
862 415 818430672
415 590 944651223
590 938 734758288
938 871 250725003
871 609 52694834
609 137 65196881
137 927 875727743
927 64 88415847
64 977 876102688
977 231 74201706
231 843 843125973
843 570 162526449
570 472 619134545
472 914 71584101
914 438 468148953
438 853 584641647
853 199 1442833
199 661 549688469
661 181 244473458
181 205 643028877
205 641 384369371
641 829 479975150
829 555 834332337
555 296 964320773
296 55 156995117
55 147 237650730
147 478 306366707
478 691 341194514
691 543 439376839
543 920 900516245
920 866 220124413
866 366 110323864
366 527 697683820
527 255 807399053
255 333 361048867
333 971 750378654
971 682 872595934
682 335 89292962
335 101 691310853
101 321 601214975
321 325 163494668
325 320 386953178
320 879 763741424
879 71 635145565
71 427 458537280
427 929 84406730
929 273 72303565
273 27 312496465
27 889 634095199
889 215 316777023
215 514 955525342
514 811 18464570
811 392 649268526
392 122 642374032
122 243 835301695
243 476 806263643
476 166 732541114
166 763 141668402
763 751 147458158
751 92 24434306
92 984 894700999
984 445 220098923
445 784 134758170
784 54 592384820
54 353 27497976
353 860 348323389
860 340 195279826
340 386 752610262
386 252 437616351
252 127 739107032
127 24 353825237
24 402 601111020
402 29 126060210
29 746 117566662
746 383 88772937
383 679 437113842
679 155 54489744
155 138 161076502
138 308 749610308
308 785 688584943
785 950 477853526
950 58 557652002
58 53 559565866
53 945 127122052
945 109 52542386
109 736 394867561
736 733 785902047
733 247 785083501
247 538 389052316
538 819 933360205
819 405 809517807
405 182 136269667
182 228 5975480
228 177 796792329
177 352 728654487
352 96 33473456
96 903 145115718
903 895 776450666
895 716 786083719
716 135 582732069
135 372 515557698
372 436 992425308
436 756 36359441
756 599 494134260
599 237 962508322
237 411 125132379
411 547 931248103
547 970 16998066
970 827 286208881
827 480 533374763
480 202 705583010
202 646 616578759
646 916 91026765
916 388 117665228
388 470 596217163
470 507 996085504
507 529 512532789
529 939 382119211
939 364 633685357
364 586 754101457
586 61 167995768
61 20 295719516
20 495 890371125
495 791 173971249
791 351 92511845
351 919 471541964
919 222 59961057
222 758 90143915
758 659 247992630
659 813 846044776
813 528 672875984
528 582 616066680
582 294 690986437
294 133 561751778
133 368 110200941
368 148 653494759
148 454 686884157
454 957 41449044
957 257 523009178
257 502 825609390
502 980 427340159
980 128 81108540
128 197 442188150
197 802 370883276
802 271 198773768
271 263 38405313
263 214 366968780
214 647 711306557
647 779 273040876
779 201 654137
201 807 317924367
807 894 293552997
894 781 148890005
781 192 208295492
192 825 467524246
825 302 241401850
302 95 679837456
95 369 527485303
369 978 331545765
978 79 780346439
79 951 226046432
951 68 856938102
68 94 396413119
94 489 917032869
489 918 418689880
918 991 359130412
991 921 423043980
921 112 958090389
112 360 253095808
360 357 946053158
357 14 783699779
14 797 680435967
797 714 27161698
714 729 78404281
729 652 51319244
652 693 78451818
693 602 969325947
602 954 270804376
954 161 789758376
161 186 94883175
186 149 123974866
149 955 107682743
955 83 388436172
83 475 272864871
475 867 168494587
867 800 855960418
800 902 514266722
902 381 700848395
381 373 235962074
373 683 698328839
683 208 481194834
208 801 314524858
801 880 555266941
880 949 730124306
949 399 84074079
399 90 826473173
90 430 89254718
430 735 507118059
735 581 784563562
581 792 342350527
792 238 305687570
238 394 420779694
394 621 22786494
621 760 185365620
760 548 351700327
548 794 926622090
794 35 263817439
35 7 321026274
7 808 197426467
808 168 906092167
168 625 415909450
625 953 321401333
953 154 866291262
154 193 804345622
193 834 594266204
834 136 34785849
136 830 512822393
830 782 961049278
782 685 588150596
685 397 601300819
397 799 659378118
799 44 69345431
44 374 915825677
374 698 67161411
698 361 651986089
361 206 999899756
206 281 893634585
281 689 741240807
689 324 359534167
324 531 530714499
531 175 936107686
175 493 665221737
493 724 804010545
724 490 811410533
490 848 703103710
848 509 155710873
509 864 738032623
864 290 966921149
290 750 329253499
750 972 787975442
972 496 725529668
496 365 745162949
365 974 109376775
974 568 591820930
568 142 402024924
142 232 556159332
232 648 479123131
648 288 767363669
288 526 369724962
526 491 67273727
491 852 368664488
852 574 29103080
574 553 989135510
553 761 137006517
761 985 948780844
985 339 493637951
339 671 136906273
671 823 694931781
823 603 87395111
603 770 496440440
770 840 78162632
840 732 23502797
732 642 14178530
642 204 882173178
204 305 834913330
305 828 717282240
828 46 37884051
46 446 425462306
446 466 536719741
466 258 219653902
258 269 65954100
269 833 114765761
833 6 964816852
6 52 27847228
52 572 706586691
572 423 219358128
423 881 584006560
881 337 38226174
337 328 986721797
328 84 953731522
84 844 958016253
844 260 207902637
260 212 835350955
212 632 799668116
632 731 344909154
731 21 636648151
21 575 293306067
575 745 334331779
745 146 331579932
146 280 380701178
280 943 830772219
943 16 409742564
16 121 256720328
121 556 697467101
556 254 144432094
254 437 91633658
437 917 267265693
917 960 34832497
960 578 369612316
578 645 803985434
645 111 254486400
111 755 435566417
755 710 918751195
710 113 71819604
113 935 463413645
935 450 477854238
450 322 291177732
322 577 899936557
577 164 368596764
164 655 130415881
655 256 706184431
256 356 326613018
356 783 190834870
783 699 394051738
699 198 126281134
198 720 535744024
720 492 30699889
492 48 272103553
48 536 870075803
536 752 214796173
752 116 505321084
116 709 553364374
709 942 624538738
942 793 762041412
793 40 103347828
40 453 768970832
453 406 706191422
406 207 370613521
207 275 803803330
275 772 75803739
772 667 27115308
667 805 58289730
805 947 363886508
947 317 945866503
317 42 130109334
42 477 679816505
477 452 276237094
452 753 273803418
753 295 579753062
295 41 644833858
41 533 256735651
533 129 138453845
129 892 823963228
892 362 447570521
362 300 532505584
300 265 802760714
265 910 983314545
910 931 563205473
931 9 74864268
9 796 705906700
796 559 778001647
559 948 432701704
948 610 111787426
610 185 255056737
185 723 194743116
723 332 215135254
332 31 876543921
31 771 900934538
771 385 585748776
385 788 532863603
788 907 829254629
907 952 612864084
952 473 443669685
473 179 45657489
179 810 411246939
810 707 426295371
707 513 725473994
513 99 540000385
99 391 700098789
391 326 157743408
326 885 37350596
885 303 956834440
303 457 296197254
457 187 861313824
187 376 256921313
376 541 828702838
541 313 664074539
313 299 92752210
299 73 244424663
73 358 591455159
358 89 798658910
89 769 874942662
769 821 24156863
821 178 762962689
178 940 129999399
940 778 71416331
778 620 978097943
620 410 859059673
410 704 824867221
704 824 416363071
824 937 391923276
937 144 506638203
144 676 881743507
676 607 835592962
607 8 552295692
8 899 145506799
899 309 114404685
309 558 130286039
558 900 685507184
900 259 814503475
259 141 140545799
141 992 722857780
992 766 623854267
766 276 436743053
276 584 584171605
584 564 880775581
564 649 117962243
649 336 100762496
336 530 973527791
530 218 214903259
218 401 544734007
401 549 624703054
549 165 89845921
165 816 421407222
816 416 240182095
416 835 72361673
835 600 492823553
600 640 70796390
640 662 931421346
662 684 170207126
684 97 487159462
97 672 175860974
672 26 676845329
26 613 221419321
613 421 863970288
421 396 81657374
396 786 366926120
786 973 978374974
973 334 211943413
334 946 52433305
946 211 645394801
211 387 352489212
387 412 775291085
412 203 121765420
203 19 641748618
19 34 211979042
34 851 2541001
851 580 759710861
580 700 165257890
700 747 828585145
747 474 974614120
474 874 709991897
874 370 305804551
370 346 916976394
346 637 131399119
637 608 545986646
608 925 989338067
925 240 476739024
240 591 616783036
591 510 773275765
510 349 646946151
349 966 956458850
966 722 801653091
722 665 323791480
665 576 177878172
576 11 665623380
11 565 405448854
565 654 544804292
654 246 496514706
246 400 469908619
400 728 449753949
728 12 141909507
12 36 822397832
36 274 77561387
274 983 263674927
983 893 316662802
893 163 289540429
163 737 118732281
737 262 76373663
262 221 454798320
221 669 799833778
669 91 903504136
91 554 17306569
554 377 105638329
377 550 672996882
550 624 148705689
624 663 504141327
663 775 514851301
775 814 625444713
814 428 973440715
428 139 140643418
139 542 124907216
542 114 929899566
114 748 942296509
748 311 448698697
311 120 960294090
120 413 460436241
413 822 706663903
822 616 357614734
616 861 956950947
861 350 176572523
350 670 807368684
670 774 98860454
774 465 851486707
465 292 884930071
292 815 215051734
815 195 168149509
195 518 26986852
518 998 186300367
998 597 97039524
597 460 481785172
460 740 986134145
740 832 853060012
832 17 499091742
17 606 944288826
606 118 526056894
118 251 500313783
251 37 300946505
37 617 40908195
617 498 125758496
498 72 274387220
72 213 34067965
213 105 103182065
105 711 56803138
711 485 976364475
485 189 551880762
189 45 17097228
45 883 436800716
883 49 111061017
49 418 227228315
418 818 246268016
818 261 287633540
261 266 34596999
266 297 197644822
297 5 139120247
5 115 919527070
115 338 412696556
338 690 159786108
690 63 946513922
63 922 598996923
922 279 109341985
279 686 280815447
686 57 437647420
57 50 962401997
50 23 632423541
23 522 381936246
522 687 340975244
687 451 132737324
451 363 682882751
363 184 234399791
184 431 111012172
431 963 809786324
963 106 268467757
106 869 214194237
869 839 866589462
839 76 244832232
76 225 618591351
225 301 736203043
301 653 534149300
653 499 729652369
499 32 963431358
32 551 780417316
551 488 17285909
488 98 850544709
98 455 978062139
455 468 8922509
468 754 622588131
754 123 243275047
123 306 21224969
306 441 421618405
441 245 842271971
245 795 130566954
795 633 702433852
633 762 132435743
762 62 92968952
62 718 187373745
718 956 514371990
956 923 286460548
923 847 320111069
847 77 49771093
77 809 520860339
809 307 283639594
307 390 859557417
390 777 789328096
777 223 497833831
223 887 578663232
887 327 34160328
327 873 116425183
873 156 167382627
156 535 420825981
535 932 698593904
932 705 983330337
705 426 201243297
426 314 568396165
314 757 833875046
757 831 31821788
831 915 429835026
915 896 308979529
896 643 275096836
643 545 451059996
545 22 730597934
22 749 117368807
749 961 434143302
961 605 285548139
605 429 102320902
429 107 379628606
107 38 472921884
38 483 616692892
483 865 666089154
865 310 793032954
310 677 518980338
677 563 186949494
563 585 76672548
585 964 231054107
964 449 976277590
449 702 427022731
702 447 809717339
447 594 862954271
594 270 395964266
270 501 829616318
501 486 136296604
486 278 94558170
278 230 812946655
230 503 337539901
503 167 515470688
167 842 499338053
842 658 369361690
658 348 945305714
348 75 808317582
75 395 644458526
395 18 248882062
18 697 391431869
697 241 614343685
241 277 683025365
277 876 676980008
876 150 716664587
150 969 62653971
969 557 149901892
557 999 185873832
999 235 728743126
235 158 795451198
158 664 704854170
664 458 768208972
458 330 724640098
330 888 935908277
888 119 597002914
119 668 4179182
668 773 598141969
773 715 312473537
715 39 400143448
39 997 280274639
997 614 448770141
614 487 347217971
487 738 93221295
738 81 786310043
81 464 862688659
464 315 445075700
315 216 8188085
216 469 660510725
469 571 105909635
571 701 505162963
701 443 909392788
443 905 497341504
905 911 119506648
911 432 592418153
432 626 26837864
626 532 688687587
532 618 507588476
618 912 176739756
912 505 727077771
505 435 88847954
435 433 972190955
433 379 284448293
379 854 857056926
854 398 549347405
398 417 72872923
417 126 454059841
126 601 553526587
601 188 671014892
188 1000 766533378
1000 673 953670036
673 134 951289531
134 789 67819872
789 875 153404359
875 882 897027178
882 196 854129915
196 628 868609370
628 157 194619231
157 229 714834352
229 730 529120095
730 117 153045218
117 242 219997315
242 638 291029235
638 293 650386722
293 375 192020315
375 210 883447388
210 936 677224586
936 959 733224254
959 891 243552217
891 484 706480694
484 442 460302026
442 217 332400171
217 767 531188001
767 65 744750319
65 706 189457098
706 69 80535407
69 67 817623242
67 928 496033291
928 631 634061994
631 742 341154486
742 858 115083021
858 765 440248382
